Circuitscape/maxent_biasfile/elev.asc
NCOLS 216 
NROWS 456 
XLLCORNER 8 
YLLCORNER -5 
CELLSIZE 0.0416666666666667 
NODATA_value -9999 
[rows 328 to 368 of 456, columns 93 to 185 of 216]
489 491 488 499 481 486 474 444 466 475 474 466 459 477 505 517 502 489 506 525 525 522 529 545 548 534 547 529 529 522 533 533 530 539 533 539 546 540 545 558 574 577 587 566 566 568 566 565 574 563 543 531 501 486 463 468 461 439 444 452 452 445 437 472 479 509 534 494 504 478 471 465 460 446 466 467 426 442 440 455 424 414 393 390 379 368 366 377 391 394 409 388 372
475 475 482 486 470 471 466 447 458 463 463 439 436 450 467 474 466 503 514 522 521 531 535 536 545 545 542 551 588 523 520 525 531 534 532 535 536 540 545 551 568 570 581 584 572 576 582 577 594 591 574 540 534 506 500 448 448 440 432 447 434 438 423 429 471 486 514 475 477 487 446 440 433 442 440 462 414 429 420 456 445 427 426 451 421 393 413 401 418 406 409 398 380
471 472 470 490 483 458 454 431 441 468 452 412 445 460 465 473 501 513 515 510 511 529 533 541 544 535 543 550 612 545 526 520 520 520 525 531 537 540 546 549 552 568 578 588 588 624 600 592 597 559 519 497 507 482 500 508 446 433 421 428 426 426 432 415 432 478 485 474 445 470 474 429 427 445 466 433 405 428 409 424 416 464 425 428 439 399 421 404 388 376 373 383 386
473 478 465 471 483 456 393 422 446 451 434 404 427 456 460 476 507 508 512 499 507 505 517 525 531 533 536 537 603 585 536 526 537 551 521 538 544 551 552 544 541 547 555 575 596 618 602 590 581 526 496 483 477 458 445 452 468 433 425 414 413 412 416 415 420 442 444 483 454 429 468 439 406 427 443 428 413 387 385 399 436 426 434 391 410 427 409 419 414 382 372 366 373
413 441 430 413 428 436 396 355 378 397 393 384 406 426 502 486 497 502 508 507 489 509 500 517 525 525 534 530 556 585 548 537 556 591 568 531 529 533 534 540 532 538 543 558 568 580 583 579 581 549 516 499 474 447 436 431 437 446 444 426 428 439 411 404 399 412 404 422 443 411 444 444 434 401 417 428 449 427 363 388 416 399 397 375 426 384 405 396 386 383 376 367 356
367 387 402 385 416 429 397 346 342 357 349 385 444 459 493 510 503 505 507 500 494 515 516 504 519 526 526 537 547 569 558 546 587 556 559 570 545 523 530 529 529 535 539 543 556 561 556 566 575 552 519 504 494 464 454 447 452 461 447 433 442 450 430 429 426 434 407 393 392 389 389 400 416 376 388 391 395 377 355 353 352 352 352 348 350 350 355 378 358 362 363 362 346
326 325 350 370 387 375 393 364 322 310 344 407 424 474 495 511 499 502 500 493 487 501 520 515 510 528 543 541 544 556 556 556 567 563 561 568 608 571 526 554 589 564 541 536 541 545 554 572 577 560 541 523 501 483 463 464 453 456 455 451 462 455 449 448 457 474 440 438 425 413 398 365 362 359 360 357 357 357 358 373 369 370 360 350 345 341 345 343 339 340 336 337 334
302 300 299 317 333 336 341 355 325 307 341 424 434 440 462 482 488 493 486 483 493 495 505 520 517 515 534 534 545 550 545 546 561 580 569 599 597 544 539 528 535 544 542 527 532 538 551 561 575 577 563 539 517 492 486 475 466 481 470 465 457 441 438 436 429 429 407 397 403 393 378 379 368 387 397 398 383 367 379 417 394 399 371 374 389 360 356 342 337 332 332 334 332
253 283 291 314 348 325 302 299 324 299 420 502 434 407 464 488 503 488 488 492 498 502 517 527 523 520 524 523 531 540 537 541 554 593 565 582 608 599 567 563 543 546 544 528 527 540 554 564 563 555 525 532 515 511 497 490 463 471 459 447 448 435 415 406 404 411 424 437 438 409 399 413 387 407 410 432 413 384 377 420 419 406 375 397 382 372 382 361 359 344 331 334 334
212 277 376 393 420 418 323 279 387 297 360 410 347 376 469 532 524 499 497 505 480 476 490 508 531 531 532 530 543 550 560 539 546 539 529 526 549 557 587 588 575 659 569 542 538 544 548 575 584 562 530 502 492 491 492 474 451 446 441 429 422 411 406 417 433 438 431 412 400 406 433 408 401 423 430 434 410 387 410 404 418 398 394 397 388 389 380 355 344 335 343 344 341
263 240 278 329 313 343 343 372 313 322 356 349 459 416 578 600 544 447 452 479 463 418 403 454 516 533 532 523 541 556 608 557 569 527 503 465 498 531 573 580 578 595 570 545 542 556 552 554 557 524 516 515 490 462 467 458 440 434 438 428 413 428 430 434 443 436 416 409 414 417 433 411 399 413 435 429 409 401 420 418 421 404 395 393 381 363 358 352 343 344 351 365 359
298 279 250 308 270 357 297 263 397 453 412 342 471 470 554 568 436 433 463 471 434 421 380 398 426 489 477 495 541 555 587 555 568 545 506 548 514 436 423 441 521 562 586 600 567 558 563 560 533 513 496 480 481 465 450 452 454 454 438 422 430 441 439 428 424 417 405 424 422 428 429 413 405 414 429 418 403 418 424 433 418 409 398 377 366 356 351 349 354 365 376 385 376
268 295 258 245 271 303 268 235 260 350 379 355 351 379 454 462 412 392 417 443 457 415 379 363 412 450 428 455 478 522 572 549 543 541 554 570 561 466 418 398 371 416 520 633 560 558 563 551 527 513 489 482 463 461 473 476 482 472 437 438 442 447 434 436 430 414 408 429 435 431 430 419 409 411 428 415 408 422 436 435 419 407 389 375 370 366 358 368 374 395 407 392 380
318 306 273 255 257 278 270 265 251 247 244 310 323 363 458 482 408 376 401 401 405 415 380 343 392 444 401 378 389 466 542 558 506 533 593 558 575 556 569 522 403 361 448 553 550 523 543 536 544 512 506 489 481 488 491 494 483 467 440 451 456 445 448 447 435 419 416 432 441 440 436 425 416 420 429 422 416 423 414 412 400 401 401 389 380 376 374 390 399 393 384 372 363
306 326 299 279 282 307 308 286 268 243 244 325 342 376 425 554 482 399 388 457 432 434 406 314 348 366 350 335 399 434 486 540 512 519 607 567 523 534 571 598 510 358 384 515 556 553 502 513 500 484 485 487 484 490 507 522 501 473 450 464 454 457 465 449 436 418 429 423 446 459 437 438 423 431 432 416 414 419 406 395 387 389 386 381 383 378 368 373 389 381 391 375 362
303 314 329 330 321 316 313 281 276 259 237 261 265 329 402 471 516 397 383 378 442 504 382 309 340 345 341 328 392 376 457 468 493 521 526 566 568 476 507 596 557 361 358 416 550 562 489 495 495 461 458 459 459 458 496 493 486 468 471 472 471 462 447 437 436 427 434 432 450 454 443 430 427 432 424 409 398 404 407 394 379 375 373 369 375 368 358 348 354 355 355 365 356
350 333 322 336 312 316 305 299 282 261 244 285 310 261 318 423 447 363 377 294 318 356 319 312 326 340 327 313 330 374 441 478 487 485 524 512 467 460 479 572 494 352 359 397 520 554 491 471 477 450 438 449 429 451 484 489 476 478 494 476 463 461 455 455 436 444 434 443 447 453 449 442 426 416 421 418 397 394 387 383 373 360 360 363 363 356 348 342 340 334 331 331 332
282 295 297 310 318 312 295 290 275 265 242 281 341 323 268 320 335 353 340 272 296 300 301 328 319 331 313 318 461 422 473 502 508 512 548 555 490 378 404 457 400 348 353 373 464 555 486 454 459 447 429 417 428 453 475 502 502 500 499 487 474 460 472 468 446 454 440 452 464 455 455 445 422 413 401 415 400 383 387 373 362 359 347 347 350 346 339 339 337 335 332 334 332
346 339 301 311 319 320 299 296 279 257 260 291 325 318 268 267 281 282 282 297 283 290 310 316 307 307 306 328 471 441 453 520 513 501 512 530 537 415 385 378 359 348 345 361 401 490 480 453 430 421 412 417 447 469 492 529 524 521 533 509 478 484 493 466 460 472 446 473 460 452 451 427 419 414 401 397 399 387 370 363 350 347 346 343 341 341 337 337 335 336 331 334 335
348 373 310 322 335 321 298 288 276 249 255 302 312 270 311 296 274 285 330 328 291 283 298 292 306 323 317 326 379 410 485 518 476 477 492 542 528 459 428 513 468 363 363 363 355 391 459 449 410 389 401 406 427 457 480 518 494 499 496 511 503 519 484 469 484 472 460 483 446 434 427 421 408 406 402 380 379 362 360 356 356 358 358 351 350 342 341 341 342 337 339 355 363
298 337 313 313 333 323 292 272 261 262 262 284 324 270 325 320 304 283 319 345 319 303 288 319 318 371 357 341 341 377 470 508 502 475 488 516 414 410 464 597 472 363 346 362 367 370 402 441 414 377 376 402 431 439 459 485 478 471 482 488 524 511 504 506 502 486 484 455 435 425 413 404 397 394 383 367 369 384 376 368 374 372 366 358 358 344 344 342 340 338 353 390 382
320 365 344 364 331 310 282 270 273 278 257 307 339 311 296 337 331 314 297 335 380 317 318 323 362 367 411 373 358 371 402 478 528 519 429 486 417 387 393 565 452 430 358 351 352 352 354 387 382 389 384 407 420 424 440 453 469 460 482 523 532 499 527 532 489 477 457 447 434 425 428 423 405 389 365 381 399 386 377 379 385 379 368 354 346 347 346 347 347 353 381 391 382
308 371 348 377 344 314 289 284 298 281 256 265 335 334 309 352 352 340 335 326 376 438 396 327 346 360 391 370 358 361 383 511 468 427 465 435 402 381 406 591 425 365 389 337 362 374 367 370 381 391 383 387 401 408 418 435 473 488 469 498 491 500 509 545 513 477 454 438 427 424 417 404 392 371 385 407 397 389 392 398 387 372 360 351 350 348 350 347 350 363 372 370 355
294 346 315 368 373 338 305 299 301 273 266 276 288 312 329 305 403 374 360 334 351 412 386 352 402 319 330 342 355 384 392 461 464 378 407 490 427 376 373 458 393 366 359 348 369 365 392 382 384 435 413 404 417 425 430 445 466 490 512 484 493 500 504 533 494 468 449 434 418 410 409 392 377 379 408 413 401 402 402 396 383 366 355 356 353 352 353 355 361 357 351 351 344
283 302 336 366 371 361 323 315 297 272 289 312 314 353 377 311 319 373 401 342 343 368 405 345 403 347 300 304 316 328 341 349 370 360 406 404 379 353 357 373 338 366 363 360 395 359 388 404 396 408 443 434 424 435 458 485 493 461 487 519 492 492 506 526 500 468 463 441 449 413 388 381 383 389 417 413 407 407 396 384 371 362 361 363 362 361 365 369 357 346 340 338 345
285 322 341 348 378 356 339 315 278 276 307 337 345 359 410 367 328 354 398 335 392 477 415 350 329 343 291 298 315 316 325 326 331 348 373 383 351 344 346 345 333 356 383 413 477 455 384 388 422 427 440 443 430 436 471 509 507 464 489 512 529 508 508 471 464 458 455 433 423 395 387 399 392 405 399 407 421 405 395 383 372 362 366 376 367 371 375 371 356 342 337 339 334
312 312 385 373 360 345 320 301 277 292 354 379 387 421 432 346 354 381 389 384 371 441 395 330 295 316 291 298 310 319 319 315 328 352 367 357 360 335 339 335 336 342 345 368 444 460 397 381 426 447 457 449 438 460 492 489 522 500 474 505 503 508 511 478 459 445 431 423 400 406 407 391 408 418 401 406 422 409 396 382 372 367 381 379 369 363 365 365 353 337 337 336 333
328 299 455 393 349 328 309 290 294 298 374 407 435 424 400 361 396 289 466 377 317 324 310 298 276 286 286 298 298 303 313 332 333 342 358 361 362 330 333 345 352 358 353 357 415 440 404 383 422 450 459 476 465 481 519 497 544 520 488 498 508 507 510 482 469 453 442 418 420 426 420 394 417 419 406 411 417 402 391 382 372 371 378 373 366 357 353 352 344 340 339 337 333
321 327 473 393 365 329 312 318 336 336 382 448 422 342 297 367 426 271 295 310 472 405 387 358 301 295 286 285 304 321 330 323 323 335 371 355 326 325 340 344 356 364 360 403 415 427 440 419 429 442 450 485 500 513 513 533 560 521 525 486 510 515 532 498 461 450 427 419 436 429 428 397 410 425 416 419 409 391 382 375 380 378 371 367 353 353 354 347 344 342 340 337 334
327 442 442 429 371 351 343 398 366 388 367 393 358 316 294 317 319 285 264 456 528 566 538 374 401 367 337 291 312 319 323 329 319 321 345 336 318 328 334 340 347 358 366 434 417 420 431 420 420 429 440 461 519 546 558 539 504 531 557 508 512 522 506 488 455 452 451 442 443 419 404 411 428 433 423 419 406 395 381 387 391 390 375 356 355 351 348 347 345 343 342 337 336
407 540 537 476 451 399 374 388 407 428 402 355 358 322 299 292 318 294 285 476 550 574 528 367 431 463 393 290 293 291 315 340 316 302 315 304 320 319 330 341 345 356 383 414 409 415 418 407 417 431 454 503 538 522 551 487 514 541 599 578 538 530 487 470 483 461 463 458 443 420 420 423 446 432 420 410 404 391 389 398 397 386 367 356 353 342 342 344 342 334 332 337 334
378 465 612 583 506 434 438 352 367 404 362 335 322 316 285 307 315 308 377 421 436 549 557 422 441 509 433 338 321 334 285 295 311 307 317 319 314 327 325 336 342 356 377 407 402 402 404 413 425 429 443 474 545 513 495 535 546 570 592 596 576 560 508 501 500 499 482 433 426 424 428 448 452 426 414 410 391 407 402 395 390 379 363 357 344 344 345 351 354 332 335 330 330
338 350 479 595 547 474 448 369 389 396 345 334 323 302 310 290 323 330 369 407 403 458 524 405 463 517 457 444 368 406 309 298 322 352 353 370 360 335 329 337 354 361 390 393 397 419 423 421 435 442 468 533 546 481 532 535 557 553 549 575 608 578 516 552 520 474 442 440 450 441 450 471 451 430 438 409 413 416 410 390 385 372 360 349 355 373 379 359 340 350 370 348 326
378 372 431 483 579 548 425 385 469 438 350 332 320 309 334 316 325 344 343 404 382 394 437 456 481 488 473 462 398 416 321 304 330 328 336 360 354 336 322 328 358 396 396 383 404 405 414 426 438 459 497 543 541 495 504 496 502 509 531 593 582 582 560 541 493 448 453 465 476 475 467 455 454 435 413 409 428 419 404 389 376 367 351 347 366 391 379 349 341 363 384 345 331
412 408 411 531 507 627 459 404 477 472 396 340 323 299 319 329 311 317 342 355 363 390 430 510 526 560 515 470 360 334 313 294 312 321 312 320 325 321 321 333 355 396 378 385 402 426 450 461 454 475 535 542 494 467 485 547 557 536 557 554 526 581 532 510 473 492 497 486 514 496 471 444 455 442 419 441 430 434 421 386 368 350 350 363 373 374 349 346 351 373 357 342 335
439 433 469 470 497 469 458 453 458 458 414 376 338 307 304 328 327 340 365 385 366 392 462 473 493 572 537 460 357 334 322 297 294 301 304 302 303 306 321 345 377 390 404 378 385 412 434 463 437 443 487 503 468 553 564 568 546 505 545 510 533 559 567 525 493 530 521 522 517 481 459 437 446 420 445 450 416 408 396 374 352 349 362 378 396 361 347 354 370 382 367 364 350
485 487 502 495 492 507 510 496 463 412 389 399 342 323 329 367 393 449 488 445 402 422 452 555 514 560 537 502 380 356 322 326 315 287 291 295 313 325 317 333 356 408 441 389 392 409 441 424 425 421 422 422 448 533 517 530 506 498 501 500 526 550 558 526 517 560 546 517 479 461 448 444 432 433 456 436 419 402 373 355 354 365 377 402 394 352 354 386 409 402 386 381 364
514 503 524 523 539 535 478 479 461 463 475 351 353 337 351 479 434 534 480 508 430 419 468 571 539 576 556 527 492 375 334 335 338 292 284 294 318 336 360 398 403 430 452 438 412 420 439 447 458 457 486 513 424 428 456 467 486 496 513 550 560 555 580 563 560 573 541 503 481 466 462 455 456 475 443 434 426 387 369 355 370 371 433 419 366 353 369 387 416 407 391 390 381
542 517 519 561 586 588 482 498 532 462 412 387 356 346 358 502 556 589 519 519 505 421 493 492 524 626 633 581 570 383 345 365 367 312 305 290 300 305 365 423 428 422 470 464 434 465 460 465 482 496 524 538 487 422 531 547 545 542 523 504 508 551 589 576 543 548 560 545 510 485 480 477 468 464 427 412 406 387 359 363 373 389 455 399 354 370 383 412 422 408 399 384 379
549 582 569 568 594 534 524 522 530 608 445 387 375 368 445 488 644 572 574 514 525 465 475 503 524 599 626 460 569 377 428 408 388 336 316 295 302 307 308 341 395 418 453 465 446 468 495 506 546 533 558 518 537 454 477 492 495 502 522 539 564 574 588 541 522 518 557 544 535 519 505 486 481 463 461 435 413 372 357 372 396 414 427 365 368 378 406 426 429 410 386 378 351
547 590 616 603 621 591 534 544 536 644 577 420 362 395 514 466 525 604 625 519 539 486 506 507 523 512 548 409 416 440 430 483 384 329 309 297 306 308 320 329 348 397 415 429 459 462 476 538 545 552 563 585 547 514 440 534 560 568 560 520 585 606 533 507 484 487 550 527 503 538 504 470 465 451 469 431 397 369 367 380 406 433 400 357 381 401 440 455 429 406 377 358 362
