Circuitscape/maxent_biasfile/elev.asc
NCOLS 216 
NROWS 456 
XLLCORNER 8 
YLLCORNER -5 
CELLSIZE 0.0416666666666667 
NODATA_value -9999 
[rows 328 to 368 of 456, columns 0 to 92 of 216]
-9999 -9999 -9999 -9999 -9999 -9999 -9999 -9999 -9999 -9999 -9999 -9999 -9999 -9999 -9999 -9999 -9999 -9999 -9999 -9999 -9999 -9999 -9999 -9999 -9999 -9999 -9999 -9999 -9999 -9999 -9999 34 12 -9999 -9999 9 14 16 37 34 40 29 31 34 48 52 48 32 47 60 55 105 68 29 107 141 178 223 347 346 262 433 444 502 540 505 323 333 335 440 537 545 544 385 411 399 323 328 319 294 309 265 305 322 349 371 376 452 477 491 497 502 478
-9999 -9999 -9999 -9999 -9999 -9999 -9999 -9999 -9999 -9999 -9999 -9999 -9999 -9999 -9999 -9999 -9999 -9999 -9999 -9999 -9999 -9999 -9999 -9999 -9999 -9999 -9999 -9999 -9999 -9999 -9999 38 26 5 -9999 -9999 11 23 30 38 18 28 30 32 42 52 47 42 33 27 34 41 45 71 77 194 128 263 333 322 310 448 491 476 429 395 296 320 321 365 531 490 439 413 352 433 335 284 315 245 253 269 283 314 343 376 431 450 480 496 489 506 488
-9999 -9999 -9999 -9999 -9999 -9999 -9999 -9999 -9999 -9999 -9999 -9999 -9999 -9999 -9999 -9999 -9999 -9999 -9999 -9999 -9999 -9999 -9999 -9999 -9999 -9999 -9999 -9999 -9999 -9999 -9999 38 25 8 -9999 -9999 10 -9999 -9999 24 21 20 30 21 34 42 39 51 25 26 27 18 22 87 66 99 145 234 358 257 376 395 376 305 286 269 284 306 336 460 447 430 397 356 314 363 360 287 237 282 311 384 361 330 349 430 450 459 473 483 451 479 486
-9999 -9999 -9999 -9999 -9999 -9999 -9999 -9999 -9999 -9999 -9999 -9999 -9999 -9999 -9999 -9999 -9999 -9999 -9999 -9999 -9999 -9999 -9999 -9999 -9999 -9999 -9999 -9999 -9999 -9999 -9999 39 14 4 5 -9999 6 -9999 -9999 -9999 -9999 27 29 22 27 20 18 24 21 23 18 19 28 52 101 58 107 167 260 257 271 307 296 252 290 272 283 314 353 608 464 417 401 391 394 272 322 331 243 293 345 391 388 365 391 408 418 438 481 463 433 448 464
-9999 -9999 -9999 -9999 -9999 -9999 -9999 -9999 -9999 -9999 -9999 -9999 -9999 -9999 -9999 -9999 -9999 -9999 -9999 -9999 -9999 -9999 -9999 -9999 -9999 -9999 -9999 -9999 -9999 -9999 -9999 35 27 21 15 5 20 10 25 26 23 -9999 12 30 23 24 38 34 44 45 33 30 26 30 72 85 79 166 157 156 181 236 226 211 260 245 259 316 270 418 482 470 411 469 343 287 285 265 255 336 376 343 306 382 356 374 389 407 432 447 438 394 408
-9999 -9999 -9999 -9999 -9999 -9999 -9999 -9999 -9999 -9999 -9999 -9999 -9999 -9999 -9999 -9999 -9999 -9999 -9999 -9999 -9999 -9999 -9999 -9999 -9999 -9999 -9999 -9999 -9999 -9999 -9999 -9999 44 32 23 5 34 17 14 20 19 31 25 27 20 15 43 56 57 69 49 37 31 33 39 101 75 94 128 140 153 116 135 166 203 258 227 217 268 497 363 327 311 319 297 242 241 229 290 353 297 284 276 303 334 436 429 403 433 436 413 378 364
-9999 -9999 -9999 -9999 -9999 -9999 -9999 -9999 -9999 -9999 -9999 -9999 -9999 -9999 -9999 -9999 -9999 -9999 -9999 -9999 -9999 -9999 -9999 -9999 -9999 -9999 -9999 -9999 -9999 -9999 -9999 -9999 36 41 30 18 34 28 18 40 34 30 21 16 17 18 31 48 58 75 50 52 45 35 28 68 122 120 130 103 133 103 95 121 220 203 290 228 315 445 318 301 272 293 301 200 234 252 317 260 257 252 286 306 322 354 465 344 373 419 364 329 316
-9999 -9999 -9999 -9999 -9999 -9999 -9999 -9999 -9999 -9999 -9999 -9999 -9999 -9999 -9999 -9999 -9999 -9999 -9999 -9999 -9999 -9999 -9999 -9999 -9999 -9999 -9999 -9999 -9999 -9999 -9999 -9999 56 55 37 28 34 29 22 47 54 44 35 21 20 29 30 32 54 62 55 54 72 68 39 33 46 95 116 92 126 112 146 182 219 214 339 245 292 557 398 269 252 301 318 189 242 275 241 201 234 294 325 316 343 366 340 289 313 389 359 299 291
-9999 -9999 -9999 -9999 -9999 -9999 -9999 -9999 -9999 -9999 -9999 -9999 -9999 -9999 -9999 -9999 -9999 -9999 -9999 -9999 -9999 -9999 -9999 -9999 -9999 -9999 -9999 -9999 -9999 -9999 -9999 -9999 41 79 44 37 35 35 36 52 56 40 51 51 19 20 33 29 45 64 65 65 70 88 67 50 44 48 62 78 76 107 136 154 164 221 208 221 326 330 464 311 223 347 234 269 192 251 236 228 330 315 279 246 248 344 296 238 294 391 364 356 254
-9999 -9999 -9999 -9999 -9999 -9999 -9999 -9999 -9999 -9999 -9999 -9999 -9999 -9999 -9999 -9999 -9999 -9999 -9999 -9999 -9999 -9999 -9999 -9999 -9999 -9999 -9999 -9999 -9999 -9999 -9999 13 57 97 60 50 44 41 48 60 49 31 34 106 49 30 37 35 36 59 69 79 76 89 92 82 60 54 53 59 62 92 112 162 197 195 168 213 227 210 163 170 228 208 186 189 125 230 197 303 287 242 220 193 174 251 166 148 185 289 336 266 223
-9999 -9999 -9999 -9999 -9999 -9999 -9999 -9999 -9999 -9999 -9999 -9999 -9999 -9999 -9999 -9999 -9999 -9999 -9999 -9999 -9999 -9999 -9999 -9999 -9999 -9999 -9999 -9999 -9999 -9999 -9999 12 52 104 109 73 56 49 48 49 36 34 42 67 112 29 32 37 41 60 72 87 93 85 79 81 66 56 50 55 51 80 149 220 221 222 143 144 114 196 207 124 140 149 130 210 261 240 181 188 166 165 183 158 211 187 142 160 201 220 217 205 221
-9999 -9999 -9999 -9999 -9999 -9999 -9999 -9999 -9999 -9999 -9999 -9999 -9999 -9999 -9999 -9999 -9999 -9999 -9999 -9999 -9999 -9999 -9999 -9999 -9999 -9999 -9999 -9999 -9999 -9999 -9999 18 54 86 119 151 80 47 45 44 45 52 55 46 95 115 36 43 43 54 70 77 77 85 75 68 70 61 46 54 49 52 104 127 124 105 82 95 116 146 209 184 222 180 210 282 391 405 293 191 249 219 262 198 276 341 193 177 219 253 241 274 249
-9999 -9999 -9999 -9999 -9999 -9999 -9999 -9999 -9999 -9999 -9999 -9999 -9999 -9999 -9999 -9999 -9999 -9999 -9999 -9999 -9999 -9999 -9999 -9999 -9999 -9999 -9999 -9999 -9999 -9999 -9999 16 41 75 94 127 100 51 45 38 63 66 53 52 73 128 43 32 40 40 46 64 68 72 71 69 84 67 49 38 44 56 81 85 107 100 72 140 129 182 269 331 315 283 349 382 431 414 256 214 313 205 293 208 297 385 262 274 271 259 241 319 265
-9999 -9999 -9999 -9999 -9999 -9999 -9999 -9999 -9999 -9999 -9999 -9999 -9999 -9999 -9999 -9999 -9999 -9999 -9999 -9999 -9999 -9999 -9999 -9999 -9999 -9999 -9999 -9999 -9999 -9999 -9999 30 64 67 102 136 95 55 42 42 61 81 63 59 66 81 75 48 57 44 34 57 63 58 70 68 76 73 65 45 54 72 53 97 167 159 108 148 138 196 338 403 273 313 491 466 475 373 232 327 389 298 234 225 374 457 337 326 300 300 221 296 322
-9999 -9999 -9999 -9999 -9999 -9999 -9999 -9999 -9999 -9999 -9999 -9999 -9999 -9999 -9999 -9999 -9999 -9999 -9999 -9999 -9999 -9999 -9999 -9999 -9999 -9999 -9999 -9999 -9999 -9999 -9999 28 43 54 74 119 100 59 48 47 69 88 72 71 67 56 111 64 66 56 43 44 55 52 76 64 64 80 63 41 43 48 84 128 165 150 133 134 165 286 377 367 372 385 434 533 594 502 309 284 404 317 240 315 406 448 383 386 295 243 223 252 292
-9999 -9999 -9999 -9999 -9999 -9999 -9999 -9999 -9999 -9999 -9999 -9999 -9999 -9999 -9999 -9999 -9999 -9999 -9999 -9999 -9999 -9999 -9999 -9999 -9999 -9999 -9999 -9999 -9999 -9999 -9999 20 35 51 63 103 128 72 55 52 67 92 90 75 79 78 107 97 83 60 52 49 57 57 59 64 57 74 67 39 45 50 86 158 179 196 215 175 205 249 320 365 546 394 436 554 580 479 328 268 361 280 249 302 585 524 453 432 311 264 232 256 290
-9999 -9999 -9999 -9999 -9999 -9999 -9999 -9999 -9999 -9999 -9999 -9999 -9999 -9999 -9999 -9999 -9999 -9999 -9999 -9999 -9999 -9999 -9999 -9999 -9999 -9999 -9999 -9999 -9999 -9999 -9999 28 38 61 91 119 160 116 70 55 69 99 114 100 85 75 65 107 109 75 68 57 55 46 67 79 63 64 57 51 62 70 102 146 140 184 175 189 369 324 275 334 407 458 435 521 630 451 280 323 504 349 276 268 493 583 543 436 388 362 229 252 297
-9999 -9999 -9999 -9999 -9999 -9999 -9999 -9999 -9999 -9999 -9999 -9999 -9999 -9999 -9999 -9999 -9999 -9999 -9999 -9999 -9999 -9999 -9999 -9999 -9999 -9999 -9999 -9999 -9999 -9999 10 48 52 87 113 126 184 144 76 62 60 88 93 100 73 76 65 108 142 111 84 70 60 37 59 80 57 54 53 48 59 56 94 153 152 186 168 175 331 289 277 330 510 530 617 630 650 380 298 385 402 307 319 314 383 437 623 628 460 371 245 246 266
-9999 -9999 -9999 -9999 -9999 -9999 -9999 -9999 -9999 -9999 -9999 -9999 -9999 -9999 -9999 -9999 -9999 -9999 -9999 -9999 -9999 -9999 -9999 -9999 -9999 -9999 -9999 -9999 -9999 -9999 19 60 97 80 134 191 193 149 80 56 50 73 90 86 67 71 54 80 101 120 97 79 66 39 44 49 41 40 39 47 50 56 115 145 159 211 224 230 202 240 283 344 447 602 606 707 595 433 341 367 465 351 378 331 295 389 597 613 472 363 254 248 272
-9999 -9999 -9999 -9999 -9999 -9999 -9999 -9999 -9999 -9999 -9999 -9999 -9999 -9999 -9999 -9999 -9999 -9999 -9999 -9999 -9999 -9999 -9999 -9999 -9999 -9999 -9999 -9999 -9999 12 41 86 118 119 103 141 133 188 84 53 43 56 68 79 67 50 45 29 74 98 91 103 74 42 34 39 33 31 49 57 80 84 105 146 226 205 245 238 229 420 407 372 506 551 627 669 649 547 379 398 449 467 407 418 316 302 456 672 553 377 294 255 247
-9999 -9999 -9999 -9999 -9999 -9999 -9999 -9999 -9999 -9999 -9999 -9999 -9999 -9999 -9999 -9999 -9999 -9999 -9999 -9999 -9999 -9999 -9999 -9999 -9999 -9999 -9999 -9999 18 26 63 88 101 122 153 167 143 163 91 53 41 39 57 79 70 34 58 34 25 58 70 127 144 61 40 32 38 44 64 75 99 117 137 195 210 220 210 240 314 553 407 454 511 580 645 708 740 595 394 554 557 579 402 448 348 302 386 540 568 379 290 253 264
-9999 -9999 -9999 -9999 -9999 -9999 -9999 -9999 -9999 -9999 -9999 -9999 -9999 -9999 -9999 -9999 -9999 -9999 -9999 -9999 -9999 -9999 -9999 -9999 -9999 -9999 -9999 22 33 46 76 89 100 107 125 161 188 165 93 57 40 33 49 69 74 37 35 47 15 23 56 157 127 69 39 34 39 53 64 83 108 116 129 229 216 239 253 262 323 462 458 473 493 636 685 693 719 643 531 542 640 594 436 447 414 303 359 556 510 325 307 256 287
-9999 -9999 -9999 -9999 -9999 -9999 -9999 -9999 -9999 -9999 -9999 -9999 -9999 -9999 -9999 -9999 -9999 3 -9999 -9999 -9999 -9999 -9999 -9999 -9999 -9999 -9999 22 45 59 67 75 91 97 102 146 215 192 111 55 36 24 51 75 73 55 24 27 25 17 50 124 106 49 31 36 39 36 52 60 86 84 97 172 232 237 279 305 370 474 489 435 517 611 696 719 678 618 585 548 630 702 486 489 387 326 371 614 585 325 293 289 329
-9999 -9999 -9999 -9999 -9999 -9999 -9999 -9999 -9999 -9999 -9999 -9999 -9999 -9999 -9999 -9999 7 6 -9999 -9999 -9999 -9999 -9999 11 9 -9999 10 23 45 54 65 75 87 110 118 164 160 128 90 55 39 24 36 40 48 30 20 28 30 20 40 65 132 51 25 42 114 47 60 73 76 67 82 170 247 270 363 430 379 520 437 479 474 575 612 636 572 601 609 658 608 670 608 437 438 396 419 593 536 400 292 290 277
-9999 -9999 -9999 -9999 -9999 -9999 -9999 -9999 -9999 -9999 -9999 -9999 -9999 -9999 -9999 -9999 5 6 6 -9999 -9999 -9999 14 9 7 10 7 25 53 39 48 83 95 102 120 118 126 138 91 49 37 25 32 25 16 18 23 26 21 20 31 34 52 33 33 44 153 78 82 87 98 91 111 150 194 232 333 409 400 527 413 452 461 463 529 542 569 648 696 706 645 704 625 488 498 494 469 566 454 325 341 316 283
-9999 -9999 -9999 -9999 -9999 -9999 -9999 -9999 -9999 -9999 -9999 -9999 -9999 -9999 -9999 -9999 -9999 5 6 3 -9999 11 14 11 10 8 10 20 61 34 40 65 108 114 116 102 142 108 69 39 24 29 31 16 16 22 27 30 22 19 31 23 37 32 43 42 108 83 55 78 96 88 134 144 165 223 235 349 318 405 363 392 411 509 544 477 542 590 695 720 739 709 617 521 544 496 480 583 506 333 384 348 311
-9999 -9999 -9999 -9999 -9999 -9999 -9999 -9999 -9999 -9999 -9999 -9999 -9999 -9999 -9999 -9999 -9999 -9999 7 6 10 11 9 11 11 8 9 14 54 65 45 63 81 95 109 98 78 67 61 29 24 26 14 14 18 33 26 29 26 21 41 24 33 54 59 67 70 90 55 54 71 86 85 74 137 217 205 285 411 438 425 443 477 545 552 476 470 475 574 594 757 688 686 556 585 523 486 658 537 406 418 321 285
-9999 -9999 -9999 -9999 -9999 -9999 -9999 -9999 -9999 -9999 -9999 -9999 -9999 -9999 -9999 -9999 -9999 -9999 6 8 8 8 11 9 9 9 16 12 33 64 75 45 64 88 84 86 39 53 51 16 23 17 10 15 21 25 23 28 24 21 49 40 34 64 65 72 71 120 82 50 58 85 67 77 78 129 163 153 515 512 602 522 457 496 500 421 389 486 442 503 633 646 694 660 636 564 566 608 581 512 463 293 290
-9999 -9999 -9999 -9999 -9999 -9999 -9999 -9999 -9999 -9999 -9999 -9999 -9999 -9999 -9999 -9999 -9999 -9999 4 7 7 7 9 9 11 14 17 17 37 47 73 52 48 69 78 46 23 38 41 14 20 12 13 17 19 26 28 44 21 22 34 35 30 50 64 76 67 113 85 67 56 48 57 89 77 130 195 178 253 512 569 595 532 413 454 402 410 419 408 492 610 583 615 624 661 577 559 511 635 492 383 285 317
-9999 -9999 -9999 -9999 -9999 -9999 -9999 -9999 -9999 -9999 -9999 -9999 -9999 -9999 -9999 -9999 -9999 -9999 -9999 6 7 5 7 11 12 15 20 22 28 38 60 45 36 64 51 12 14 26 23 11 11 18 53 52 64 59 54 58 31 16 21 33 33 37 58 72 65 127 95 82 78 68 54 97 106 113 231 286 203 340 540 618 501 380 402 379 412 390 414 566 618 550 573 614 628 581 464 481 551 422 401 296 352
-9999 -9999 -9999 -9999 -9999 -9999 -9999 -9999 -9999 -9999 -9999 -9999 -9999 -9999 -9999 -9999 -9999 -9999 -9999 -9999 10 10 7 11 16 14 24 32 41 30 32 22 22 39 23 11 12 11 15 12 16 22 42 44 59 72 66 51 45 18 17 24 24 35 46 54 84 177 168 123 103 80 51 77 112 134 189 332 343 183 239 383 410 401 346 370 377 382 407 513 549 515 603 677 633 553 497 458 426 376 324 312 363
-9999 -9999 -9999 -9999 -9999 -9999 -9999 -9999 -9999 -9999 -9999 -9999 -9999 -9999 -9999 -9999 -9999 -9999 -9999 -9999 13 14 9 12 14 18 25 24 15 17 22 15 13 18 11 16 9 9 14 17 14 41 77 40 57 60 59 42 34 20 17 29 16 19 40 56 108 273 210 171 102 87 75 55 100 136 219 271 432 328 169 321 431 464 317 375 368 369 450 534 562 509 615 663 695 606 498 512 426 348 318 491 457
-9999 -9999 -9999 -9999 -9999 -9999 -9999 -9999 -9999 -9999 -9999 -9999 -9999 -9999 -9999 -9999 -9999 -9999 -9999 -9999 1 10 14 12 16 14 11 15 7 9 10 11 8 12 11 10 14 12 30 28 29 41 79 47 57 63 59 47 39 34 34 33 23 24 39 70 106 266 210 138 117 119 95 67 83 185 242 249 293 394 278 221 313 373 361 417 397 409 399 438 516 495 553 613 658 575 601 687 452 379 337 389 406
-9999 -9999 -9999 -9999 -9999 -9999 -9999 -9999 -9999 -9999 -9999 -9999 -9999 -9999 -9999 -9999 -9999 -9999 -9999 -9999 -9999 6 9 13 12 11 10 10 6 7 8 7 8 9 8 12 24 34 23 15 31 42 82 65 56 52 60 54 37 32 35 53 57 51 48 67 109 222 241 169 120 103 100 90 84 134 191 170 323 376 344 194 289 535 483 384 431 495 494 451 522 509 559 651 718 706 663 651 553 427 398 400 417
-9999 -9999 -9999 -9999 -9999 -9999 -9999 -9999 -9999 -9999 -9999 -9999 -9999 -9999 -9999 -9999 -9999 -9999 -9999 -9999 -9999 -9999 9 11 14 11 11 11 12 7 12 8 12 8 7 7 19 17 21 19 21 46 80 77 80 67 66 49 34 60 59 74 65 67 64 74 211 305 210 226 168 138 100 130 87 99 143 270 325 436 361 274 199 448 512 416 409 473 492 475 481 482 531 628 743 757 711 665 658 445 464 444 443
-9999 -9999 -9999 -9999 -9999 -9999 -9999 -9999 -9999 -9999 -9999 -9999 -9999 -9999 -9999 -9999 -9999 -9999 -9999 -9999 -9999 -9999 8 13 13 9 8 9 22 14 15 9 17 23 21 9 9 12 29 21 22 46 69 83 81 83 67 61 30 49 89 89 65 83 95 86 274 326 236 262 188 131 113 91 103 153 175 343 346 423 391 313 256 349 536 439 432 445 529 580 619 520 510 590 660 776 734 639 530 458 552 519 446
-9999 -9999 -9999 -9999 -9999 -9999 -9999 -9999 -9999 -9999 -9999 -9999 -9999 -9999 -9999 -9999 -9999 -9999 -9999 -9999 -9999 -9999 -9999 18 16 13 11 9 10 17 14 8 30 30 44 32 15 18 39 33 28 52 78 80 72 78 74 54 48 62 74 97 91 94 101 116 381 372 295 256 250 137 96 119 166 220 266 318 335 424 426 411 422 272 554 474 496 452 535 635 632 609 569 565 635 686 732 631 575 518 611 655 458
-9999 -9999 -9999 -9999 -9999 -9999 -9999 -9999 -9999 -9999 -9999 -9999 -9999 -9999 -9999 -9999 -9999 -9999 -9999 -9999 -9999 -9999 -9999 10 16 11 11 10 11 31 41 22 44 43 60 61 30 28 44 40 35 60 86 95 77 66 66 57 78 89 95 112 91 93 83 131 333 373 371 291 293 218 103 131 178 216 273 307 300 394 425 464 467 223 498 614 555 493 586 620 649 673 705 590 579 590 720 622 628 551 526 550 503
-9999 -9999 -9999 -9999 -9999 -9999 -9999 -9999 -9999 -9999 -9999 -9999 -9999 -9999 -9999 -9999 -9999 -9999 -9999 -9999 -9999 -9999 -9999 6 14 11 9 10 14 30 48 40 37 47 55 62 38 42 50 50 48 76 90 100 76 58 60 85 110 96 67 76 84 80 72 115 238 264 336 191 465 374 117 104 123 174 232 243 267 442 446 453 554 413 327 673 605 516 534 588 709 717 648 657 680 649 705 689 659 566 551 519 552
-9999 -9999 -9999 -9999 -9999 -9999 -9999 -9999 -9999 -9999 -9999 -9999 -9999 -9999 -9999 -9999 -9999 -9999 -9999 -9999 -9999 -9999 -9999 2 16 18 15 15 17 23 38 32 27 34 42 33 31 37 48 54 60 70 92 93 72 58 50 71 76 89 107 100 76 70 97 110 123 235 316 258 319 458 160 106 110 134 151 201 251 291 465 539 597 594 264 656 659 545 572 708 697 644 651 710 672 645 678 696 716 610 592 587 535
-9999 -9999 -9999 -9999 -9999 -9999 -9999 -9999 -9999 -9999 -9999 -9999 -9999 -9999 -9999 -9999 -9999 -9999 -9999 -9999 -9999 -9999 -9999 -9999 13 19 21 19 16 16 21 27 16 29 29 41 41 54 49 55 63 79 90 75 77 63 54 53 62 83 97 101 89 69 99 167 159 213 382 349 490 607 183 109 104 107 128 138 209 242 530 616 625 520 341 466 692 615 636 672 665 707 682 719 713 711 759 719 735 670 619 601 571
