Circuitscape/maxent_biasfile/elev.asc
NCOLS 216 
NROWS 456 
XLLCORNER 8 
YLLCORNER -5 
CELLSIZE 0.0416666666666667 
NODATA_value -9999 
[rows 410 to 450 of 456, columns 93 to 185 of 216]
180 172 165 163 159 177 231 225 251 239 172 148 165 204 282 369 395 382 382 399 447 518 567 451 452 457 461 457 459 451 433 447 465 470 470 456 471 483 473 497 498 505 516 527 563 619 625 632 626 620 608 591 561 546 527 543 564 604 635 620 653 632 550 535 622 662 626 703 700 594 530 631 606 595 554 449 589 502 517 616 412 417 408 417 448 485 565 367 525 657 665 647 636
251 187 167 160 157 154 173 183 204 212 240 217 144 163 178 240 327 375 347 440 474 510 526 464 435 435 443 450 452 449 450 450 463 470 479 488 506 500 486 478 507 505 526 570 625 593 627 634 625 612 599 578 557 538 525 543 567 576 625 595 629 579 537 600 711 691 636 651 621 671 653 647 574 632 508 609 688 557 663 464 406 571 541 582 599 605 576 358 427 567 653 644 624
369 262 183 159 147 139 138 140 161 170 222 248 172 141 169 178 266 329 346 350 436 478 458 486 399 379 412 440 445 449 447 448 453 469 466 508 473 483 473 487 488 501 534 550 571 635 630 623 622 613 591 579 557 528 531 547 566 586 600 619 585 550 600 613 639 631 620 665 613 600 628 591 654 537 648 660 546 551 516 429 490 661 679 679 667 684 407 368 449 572 652 641 629
291 267 211 165 147 136 137 125 127 150 168 205 188 168 145 158 197 294 298 273 374 431 544 559 430 300 346 425 448 453 433 441 452 494 464 464 491 467 500 500 547 585 610 617 614 648 640 634 620 601 578 552 536 527 540 548 570 565 586 588 561 552 625 638 580 579 618 625 568 582 585 676 567 574 552 548 493 509 409 543 594 585 677 710 572 513 379 396 455 666 653 647 636
194 224 224 209 146 134 125 128 119 128 149 158 174 208 159 146 183 255 285 241 252 355 403 448 378 287 312 435 455 443 435 440 438 447 490 478 472 465 486 525 578 622 629 646 646 648 644 632 615 601 588 549 537 544 550 549 560 557 574 549 546 598 609 594 555 546 591 581 570 545 558 653 635 581 653 632 571 462 608 538 712 675 655 485 548 517 399 516 592 663 646 641 635
232 201 200 189 171 149 131 119 115 110 114 135 156 169 162 138 184 228 235 219 220 241 279 321 279 291 309 372 390 403 431 430 438 472 480 473 467 494 536 536 599 600 563 646 669 646 624 616 602 598 568 533 555 552 547 541 544 549 534 542 555 559 582 567 534 557 572 616 602 597 550 608 561 484 562 642 494 550 646 538 678 561 445 608 552 436 459 494 570 650 647 637 633
434 315 246 219 211 201 145 127 114 112 108 111 124 153 180 148 180 226 174 179 269 313 399 502 485 479 450 424 471 451 425 441 462 473 467 470 520 550 526 549 583 548 550 649 623 626 632 616 605 592 542 543 565 548 543 532 531 535 547 580 590 584 564 531 520 535 579 567 546 523 553 572 548 605 521 460 548 673 669 702 647 572 502 657 483 456 657 685 672 652 651 635 634
413 438 391 269 213 187 166 142 126 114 108 103 100 116 135 149 167 211 200 170 225 284 402 431 491 514 476 471 477 464 448 449 458 464 476 481 483 500 485 479 482 490 555 593 584 602 631 638 599 545 551 584 559 548 533 526 542 552 577 594 568 542 536 502 484 517 589 533 517 523 563 606 679 566 571 609 489 535 597 691 662 594 652 618 611 675 703 681 665 643 631 645 635
389 407 405 366 227 190 151 139 131 125 114 106 97 91 108 128 139 120 131 179 255 240 261 290 368 405 405 453 526 501 484 451 453 459 481 468 474 476 476 486 504 515 549 558 570 626 615 631 586 538 579 618 564 544 533 535 536 548 567 567 532 508 500 490 488 515 583 607 525 560 576 574 633 531 648 620 565 597 536 626 673 523 593 647 720 711 684 688 673 653 618 642 640
377 375 402 438 356 198 175 145 124 145 144 104 92 85 84 91 100 125 159 247 249 263 292 265 306 343 395 424 458 541 560 529 455 458 461 473 478 480 490 491 496 504 547 576 621 602 605 563 540 588 628 615 586 551 526 526 528 535 542 528 516 511 480 492 481 510 580 544 474 566 612 496 520 625 625 588 629 656 662 566 522 535 685 730 720 708 676 673 656 632 611 618 640
324 321 383 422 387 332 250 182 129 114 194 103 86 94 81 86 111 139 134 176 180 243 248 238 269 354 426 402 454 484 576 580 502 458 460 462 464 489 501 492 504 585 534 597 588 553 588 535 536 631 638 613 568 557 540 549 531 512 516 511 508 503 469 469 469 523 523 473 474 531 486 605 542 564 603 632 542 700 658 612 492 503 634 728 709 686 676 672 660 658 614 584 600
188 257 315 324 345 366 350 282 163 133 87 85 89 84 77 82 99 117 128 150 130 149 139 191 214 278 306 345 440 503 543 559 497 482 468 456 463 471 487 485 512 510 537 578 515 501 503 487 555 586 600 591 577 565 558 556 544 502 487 488 483 488 463 462 471 533 497 452 461 486 569 533 542 560 534 510 546 601 670 519 542 726 615 577 615 696 697 685 666 630 643 643 533
236 184 183 240 250 336 326 326 199 153 114 121 175 107 95 99 98 111 129 143 156 196 152 219 183 187 239 294 330 331 379 379 423 520 476 465 455 464 475 490 489 491 525 533 516 475 473 535 582 612 616 610 594 586 560 538 521 484 480 478 466 459 455 453 462 485 460 460 440 464 506 578 557 472 527 649 676 610 674 553 691 733 688 687 690 706 696 681 635 646 660 651 637
291 269 243 183 136 214 257 270 229 157 130 95 97 137 131 124 113 118 121 128 155 215 191 176 228 233 266 273 288 355 345 403 428 486 474 489 463 457 470 476 474 485 503 529 541 469 483 559 590 603 619 612 607 583 522 474 473 472 462 457 454 455 455 461 466 462 473 497 517 463 524 486 515 449 606 650 694 699 704 543 723 736 723 695 714 704 693 674 638 662 660 651 643
235 250 285 277 200 131 174 257 256 224 166 127 128 120 159 143 128 130 130 127 134 177 236 146 159 162 198 239 283 391 377 377 390 414 480 511 485 475 466 460 473 480 484 511 502 482 520 541 596 597 595 581 559 495 467 459 459 461 455 453 447 435 447 460 483 488 483 513 478 498 527 504 494 519 566 556 703 685 630 577 741 730 720 719 708 693 692 656 665 666 662 653 645
220 218 208 209 210 174 143 116 159 229 163 196 154 141 169 154 142 142 140 134 132 144 191 170 135 204 264 256 225 290 382 391 416 428 473 506 517 510 488 455 460 473 472 475 523 585 570 572 594 577 547 493 462 460 462 465 450 456 428 422 428 439 444 448 470 517 477 495 529 535 468 523 409 471 476 619 676 609 569 699 747 739 723 709 693 678 665 657 676 671 667 655 646
245 213 208 199 189 162 131 176 128 93 127 178 176 159 161 266 180 171 159 150 143 138 152 176 148 178 233 191 184 193 337 379 364 396 416 487 489 531 505 486 463 460 466 485 520 553 555 566 559 541 485 449 475 465 469 475 464 425 416 428 431 427 434 456 482 495 468 444 480 506 477 498 410 565 590 645 584 529 616 663 741 726 718 703 680 682 689 679 681 674 665 656 648
311 267 226 231 214 206 205 119 136 92 114 149 203 196 153 207 289 284 202 165 151 144 148 166 167 189 190 187 205 248 232 300 349 381 382 456 411 450 539 498 481 462 466 466 493 526 510 523 491 483 458 457 470 473 458 456 445 427 416 403 406 424 427 461 491 492 535 454 436 429 535 564 412 506 586 500 512 536 583 633 729 718 710 709 707 702 692 682 677 668 662 654 654
361 353 275 204 232 227 235 179 88 146 178 170 208 233 173 198 228 332 311 193 168 147 139 162 152 148 160 190 226 216 263 289 319 362 329 345 404 390 478 507 479 464 459 450 463 458 482 473 472 461 455 461 458 456 444 447 448 420 376 350 388 436 389 438 452 510 479 449 443 412 491 518 410 495 488 503 636 659 726 728 706 695 686 707 710 700 691 680 672 664 659 654 657
300 363 344 292 219 189 176 185 151 162 265 258 218 262 244 199 208 219 308 285 177 150 141 142 150 155 174 224 259 296 291 290 331 394 325 307 283 362 369 424 445 484 470 459 439 406 440 442 451 446 435 444 427 443 436 439 433 414 359 311 354 339 351 365 444 499 473 462 486 419 390 375 372 457 502 595 597 601 582 655 629 693 670 630 697 700 688 677 669 666 657 650 659
232 259 301 374 340 277 206 186 159 246 294 279 273 258 387 262 213 257 238 221 183 158 148 139 147 135 181 192 224 236 247 268 294 307 261 287 243 306 375 321 349 404 427 411 423 350 435 443 462 474 485 430 401 400 414 359 378 353 323 281 271 273 291 376 525 578 482 516 456 387 364 362 435 555 479 489 528 606 459 530 567 615 649 621 712 702 690 679 674 675 662 524 650
221 228 185 256 333 337 287 186 189 236 221 238 245 396 302 342 279 231 293 302 330 199 162 151 150 153 154 210 225 288 300 317 286 278 271 221 225 322 412 268 295 325 394 388 404 437 353 456 459 460 460 413 352 367 390 352 272 268 272 250 283 283 353 464 517 529 485 447 416 403 441 371 412 495 478 538 445 525 546 398 463 520 546 606 711 692 685 668 540 619 571 387 397
212 227 170 230 297 276 307 149 294 507 495 312 245 255 455 335 313 274 253 252 285 315 247 186 157 129 136 173 203 242 266 306 283 240 222 181 188 286 293 243 280 319 404 391 422 432 258 373 404 451 443 408 334 291 289 294 244 254 244 269 293 328 427 513 476 474 463 477 473 439 445 410 345 393 470 550 501 505 456 425 358 384 461 613 595 620 470 567 328 346 389 442 550
121 122 149 209 218 236 231 214 210 427 426 362 356 370 319 442 312 307 296 275 260 277 331 250 166 152 131 132 180 203 250 266 291 226 173 213 227 229 240 245 276 300 298 364 365 371 254 294 339 388 408 356 346 318 231 221 245 285 300 292 321 394 506 473 445 443 440 453 486 455 430 365 351 392 410 453 479 485 470 512 469 340 392 472 429 489 424 340 373 525 641 665 662
49 109 144 138 159 123 168 208 326 296 481 396 415 521 483 379 386 319 322 322 298 280 267 283 227 191 178 154 139 138 159 174 169 197 238 270 259 244 226 207 230 260 221 231 254 296 225 282 310 342 367 314 303 301 250 277 276 299 319 325 367 440 469 443 429 413 443 484 488 425 410 406 355 347 376 466 506 434 396 456 423 338 381 417 364 348 409 321 484 575 645 660 636
32 74 97 116 96 164 141 285 451 364 452 455 402 473 616 409 397 351 327 323 332 322 312 298 258 216 191 173 142 168 166 167 149 157 181 179 173 182 168 177 178 175 170 179 186 218 204 227 317 405 440 426 372 308 245 242 306 337 342 396 430 447 422 403 415 453 451 475 474 451 425 378 381 364 349 434 423 428 351 396 443 380 310 311 286 272 270 275 397 430 513 665 680
20 34 47 89 130 173 253 257 340 381 536 478 374 435 607 601 399 380 322 361 347 337 339 346 321 250 193 161 146 166 171 169 166 164 159 173 178 184 190 184 191 174 167 182 180 166 175 244 358 442 462 417 254 228 213 268 274 302 339 374 396 379 424 482 477 482 447 483 466 429 404 411 384 362 328 403 357 392 339 407 365 385 309 267 268 271 273 268 321 368 471 626 681
20 25 71 210 186 181 234 394 243 259 419 364 362 413 334 525 538 460 353 336 368 363 396 388 359 316 210 185 159 178 193 172 165 163 170 168 182 210 263 297 257 227 198 245 245 203 199 187 246 282 276 275 214 227 265 328 324 325 319 338 372 425 469 533 483 450 447 485 444 447 466 453 414 374 374 349 336 331 318 330 368 307 270 267 270 278 270 267 285 377 457 615 682
18 34 36 90 268 323 281 326 292 281 296 226 337 311 259 416 641 625 487 381 357 417 395 410 392 367 319 230 199 181 195 209 194 175 178 198 253 378 469 412 403 325 299 255 272 239 209 192 201 211 212 222 248 244 281 343 416 360 383 404 454 477 492 486 457 450 455 496 474 525 457 415 394 417 416 379 374 364 355 319 313 293 268 269 272 271 267 267 283 308 330 455 607
18 31 62 66 121 281 233 218 203 270 254 202 192 216 261 332 465 504 617 527 418 394 394 391 408 395 370 330 233 216 171 204 228 208 204 220 358 517 326 328 348 324 308 435 452 401 363 232 227 227 262 304 299 305 348 425 401 431 528 552 524 518 510 470 460 445 471 495 478 489 468 450 424 466 418 399 375 363 316 286 279 276 277 268 267 266 266 279 318 383 542 370 459
10 11 35 67 74 108 116 159 198 281 217 129 172 189 202 271 352 474 465 535 638 473 421 386 387 395 397 370 342 249 202 186 210 208 201 205 221 289 326 347 437 612 445 355 453 575 557 293 256 280 468 420 428 408 327 402 492 545 546 554 517 506 474 477 443 446 451 461 457 451 471 455 505 484 436 422 392 359 301 273 318 318 293 280 271 271 282 321 361 471 593 506 470
8 14 20 32 44 64 52 95 154 199 156 220 197 236 240 313 312 325 342 476 650 637 478 421 385 369 383 394 372 335 274 220 195 187 212 277 305 349 379 408 458 495 518 441 481 508 433 430 404 341 458 578 507 471 555 605 588 529 511 532 491 474 491 446 454 439 435 438 439 436 457 444 508 436 415 433 412 364 314 305 376 403 340 303 292 301 328 365 420 513 664 569 459
11 15 17 33 61 57 77 107 113 103 194 274 331 236 233 279 287 272 391 431 557 564 557 555 415 386 378 372 360 345 298 252 237 212 209 310 337 350 372 365 406 412 435 581 621 715 718 660 611 563 599 611 603 600 578 578 566 516 488 508 512 483 451 468 460 462 457 434 427 418 449 423 449 463 401 391 379 340 304 361 460 410 377 318 334 337 373 477 466 582 599 419 504
19 26 37 33 49 59 126 124 68 61 205 230 256 293 239 218 235 266 294 410 585 568 401 446 527 465 365 389 353 367 365 260 273 301 233 270 294 361 370 361 325 336 568 714 741 667 628 656 660 624 634 621 623 604 579 556 544 526 512 475 504 461 481 500 476 518 479 472 442 433 416 439 419 415 388 370 353 326 388 400 456 356 339 317 361 376 409 415 490 577 482 466 580
19 33 51 53 47 67 77 81 37 75 135 181 193 285 294 271 234 221 238 256 404 587 454 367 403 501 431 357 376 350 395 320 302 334 293 224 274 336 298 339 344 308 437 614 585 551 572 647 656 647 637 627 631 591 572 573 567 544 549 523 483 473 512 532 492 510 512 487 477 465 433 413 450 390 386 344 309 353 419 439 399 401 363 335 337 354 372 414 479 473 508 360 442
67 32 54 59 67 60 55 40 84 138 198 188 206 220 260 309 340 243 206 224 256 450 501 330 364 581 580 400 357 352 343 356 353 326 322 261 245 283 263 308 336 295 346 437 495 490 567 687 662 649 655 610 589 572 558 570 582 578 589 572 518 509 535 552 522 531 525 520 533 473 444 423 412 401 352 313 375 392 412 403 393 427 380 355 327 348 386 399 436 467 378 379 603
120 110 67 80 80 83 43 37 92 86 107 182 183 217 263 322 345 276 211 203 222 243 465 370 307 429 607 527 412 345 352 430 365 349 340 313 282 271 273 277 278 280 282 329 482 461 503 592 650 652 656 605 577 567 550 553 555 539 568 582 547 555 562 565 531 572 561 545 568 519 493 459 408 383 321 389 416 420 426 410 419 447 396 359 338 359 395 425 462 417 374 506 710
122 163 118 97 88 72 51 28 61 102 134 155 152 193 198 217 253 225 193 309 242 190 256 448 420 292 528 533 523 381 373 369 420 403 377 385 325 307 312 321 331 305 302 318 370 331 403 532 555 614 644 583 561 561 544 538 506 487 515 585 561 583 559 552 546 559 576 571 548 504 517 467 405 341 412 437 447 439 449 436 444 425 379 344 348 358 420 445 468 399 380 544 693
106 125 121 111 76 57 36 33 65 85 124 122 128 143 157 136 171 188 207 220 297 202 198 250 470 420 285 395 425 427 385 367 374 449 432 426 398 385 364 328 354 368 329 322 321 302 389 484 466 498 613 591 571 526 476 518 471 465 472 477 562 585 535 516 499 540 584 572 541 501 480 442 332 451 455 472 484 460 455 459 445 397 372 366 370 374 416 433 436 421 371 396 519
67 97 106 119 55 52 30 59 62 83 87 126 118 141 108 98 135 157 208 247 231 244 181 192 219 254 327 385 317 457 450 386 367 379 424 437 422 403 430 447 389 395 351 331 312 285 314 354 397 486 537 568 568 547 475 462 451 448 438 437 533 534 451 417 461 552 588 566 545 501 442 374 336 456 481 500 516 485 477 505 461 412 398 403 387 387 437 428 449 400 402 399 450
35 73 96 83 39 34 61 73 76 105 116 108 113 126 99 59 82 131 252 255 200 262 193 169 211 204 272 503 400 314 469 466 402 382 392 426 465 420 416 454 510 450 370 364 317 309 285 287 353 463 451 509 549 546 490 434 405 412 417 392 412 423 384 351 438 565 576 537 525 484 440 330 422 468 483 495 507 529 504 557 495 446 433 428 411 396 438 466 425 378 413 386 464
