Circuitscape/maxent_biasfile/elev.asc
NCOLS 216 
NROWS 456 
XLLCORNER 8 
YLLCORNER -5 
CELLSIZE 0.0416666666666667 
NODATA_value -9999 
[rows 41 to 81 of 456, columns 93 to 185 of 216]
347 347 345 345 345 343 341 340 339 339 339 339 339 337 334 333 334 333 335 325 318 315 313 312 310 309 307 306 304 303 302 301 299 298 297 297 296 296 295 295 295 293 293 293 292 292 292 292 290 290 289 288 289 289 289 289 290 290 289 289 289 290 290 290 290 291 291 291 292 293 293 293 293 293 293 294 294 294 293 294 294 294 296 297 296 296 296 295 296 297 297 297 297
349 347 349 348 346 344 343 343 343 342 342 343 343 342 340 337 335 334 333 335 326 319 316 315 312 310 308 307 304 304 303 301 298 298 298 298 298 297 296 295 294 294 294 293 293 293 293 292 291 290 291 289 289 289 289 290 290 290 290 289 290 291 291 290 290 291 292 292 292 293 294 293 292 293 293 293 293 294 295 294 294 294 295 297 297 297 297 297 297 297 297 298 297
353 352 351 351 350 349 347 345 344 343 345 346 347 346 343 342 341 336 335 333 333 328 321 318 315 312 310 306 305 304 303 300 299 299 298 298 298 298 297 297 295 295 295 294 294 293 293 293 292 291 291 291 290 290 290 290 290 290 291 290 291 292 293 291 291 291 292 292 293 293 293 294 293 294 293 294 294 294 295 296 295 295 295 296 296 297 297 298 298 297 297 298 298
357 358 355 356 353 352 350 350 349 347 347 348 349 347 347 346 344 342 337 335 331 332 327 322 317 314 311 308 306 303 302 300 300 300 299 299 298 298 298 297 296 296 295 295 294 294 293 293 293 292 292 292 291 290 290 290 291 291 292 292 292 292 293 292 292 292 292 291 291 292 293 293 293 294 295 295 296 295 296 296 297 297 296 296 296 298 299 298 298 298 298 298 299
364 362 359 360 357 356 353 352 353 351 351 352 351 349 349 348 345 342 340 336 334 333 331 332 321 315 312 310 307 304 302 301 301 301 300 300 300 298 298 298 298 297 296 296 294 294 294 294 294 294 294 293 292 291 291 291 291 292 293 293 293 293 293 293 293 292 292 291 291 291 292 292 294 293 294 295 297 296 296 297 297 297 297 297 296 297 298 299 298 297 299 300 300
371 367 362 363 360 360 358 357 357 357 356 356 353 351 350 350 346 343 341 341 335 334 332 334 331 319 314 312 309 306 304 303 302 301 302 301 301 300 300 300 299 297 298 296 296 295 294 295 295 295 295 294 293 293 292 292 292 293 293 294 294 294 293 293 293 292 292 292 291 291 292 292 293 294 294 295 295 296 296 296 297 298 298 298 296 296 297 297 298 299 300 300 301
375 373 368 369 365 366 363 364 364 362 361 359 356 354 353 351 348 345 342 340 335 334 333 332 335 331 319 314 311 308 307 306 305 305 303 301 302 301 301 301 300 299 298 298 297 296 296 297 296 297 296 295 294 294 293 294 294 293 294 294 294 294 295 294 293 293 292 292 292 292 293 293 294 294 295 295 296 296 296 298 298 298 298 298 297 296 297 297 298 299 301 301 302
377 379 375 375 373 373 370 370 369 366 363 359 356 356 354 352 349 347 344 339 335 335 333 332 336 336 331 318 314 312 309 309 308 306 305 303 302 303 303 303 302 300 299 298 298 298 298 298 297 297 296 295 295 295 295 294 294 294 294 295 296 296 294 294 293 293 293 293 293 293 294 294 294 295 295 296 296 296 298 297 299 299 298 298 297 298 299 298 299 300 301 301 302
381 381 383 382 379 378 375 372 369 366 361 357 355 354 353 351 347 343 339 337 338 335 332 334 337 338 336 331 319 315 313 312 310 308 306 305 304 305 305 304 302 301 300 299 299 299 300 299 298 297 297 296 296 295 295 295 294 294 296 297 296 294 294 294 294 294 293 294 294 294 294 295 295 296 297 296 297 297 297 298 298 297 299 299 299 298 299 301 300 301 302 303 304
390 390 390 388 384 381 375 370 364 356 352 351 351 348 346 344 343 341 343 348 340 335 337 338 336 339 337 335 331 321 317 315 313 310 308 307 307 307 306 304 302 301 301 301 301 300 300 300 300 299 298 297 297 296 296 295 296 297 297 295 295 295 295 295 295 294 293 294 295 295 295 295 295 297 297 298 298 298 298 297 299 298 300 299 299 299 300 301 301 303 303 304 305
397 396 392 388 382 373 364 359 356 360 362 364 367 357 349 358 358 347 350 353 348 338 337 340 339 337 338 337 336 333 324 319 315 313 311 310 309 309 308 306 305 302 302 303 303 303 302 301 300 299 299 299 299 297 297 297 297 297 295 295 296 296 297 296 294 294 294 294 295 295 295 295 296 297 298 299 298 298 298 299 299 300 298 300 301 300 300 302 302 305 305 307 308
402 398 389 374 366 368 370 376 363 373 373 372 373 366 352 360 363 357 347 352 352 345 338 340 342 341 340 339 338 334 332 326 318 317 314 313 312 312 311 309 307 305 304 304 304 304 304 303 302 301 300 299 299 300 300 298 297 296 296 297 297 296 295 296 295 295 295 295 295 295 296 296 297 297 298 299 299 298 299 299 300 301 300 299 299 301 302 304 306 306 307 310 311
403 388 372 373 377 382 389 391 373 374 379 380 378 372 361 354 363 363 357 348 352 351 344 339 341 344 343 340 336 336 335 332 328 321 318 317 315 314 312 310 309 308 308 306 306 305 304 303 303 303 302 301 300 300 299 299 298 299 299 297 296 295 296 296 297 296 296 296 296 296 296 297 298 298 299 299 300 299 300 300 301 301 300 301 300 302 306 307 307 308 310 313 317
387 375 384 379 397 391 394 397 390 372 383 384 381 370 365 360 356 364 364 356 349 351 349 346 342 344 344 341 338 339 337 334 332 331 326 320 318 316 314 312 311 310 310 309 309 307 305 304 303 305 304 302 300 299 300 300 301 299 299 297 297 296 297 298 297 297 298 298 297 297 297 298 298 298 298 300 300 300 300 301 301 301 301 302 304 303 306 306 308 308 311 314 320
380 392 399 394 393 406 401 397 397 385 379 386 383 373 375 371 359 359 364 364 357 351 352 351 346 344 344 342 343 340 339 336 333 330 332 331 324 319 317 316 314 313 313 312 311 309 308 306 307 306 304 302 301 301 302 301 300 299 299 299 298 298 298 297 297 298 299 299 299 298 298 299 298 298 298 300 301 301 301 301 301 303 302 302 304 305 306 307 308 309 311 315 321
395 410 416 402 389 401 405 399 388 387 374 384 386 383 378 369 363 359 361 365 364 357 355 354 351 348 346 344 346 344 339 337 335 333 333 333 333 327 320 318 317 315 314 315 312 310 311 310 309 306 303 303 303 304 302 301 301 300 301 301 299 299 298 298 299 299 299 299 299 299 299 300 299 299 299 299 301 301 302 303 303 303 302 303 304 304 306 307 309 309 312 317 321
391 418 425 419 399 409 415 406 401 384 381 386 389 388 375 371 370 371 363 365 367 364 360 359 356 352 348 347 348 347 344 340 337 337 337 336 335 334 331 323 319 318 317 316 316 314 313 311 310 308 306 305 304 303 303 303 302 302 302 302 301 301 300 299 300 300 300 299 299 300 300 300 301 301 301 300 300 302 303 304 304 303 304 306 306 305 306 307 310 311 314 318 321
393 403 428 427 407 411 422 419 401 400 388 391 393 382 385 382 373 378 374 370 371 369 364 361 359 355 350 350 350 349 348 346 342 340 341 340 338 337 336 335 329 321 320 321 319 317 315 314 313 311 308 306 305 304 304 305 304 304 303 303 303 303 302 301 301 301 301 300 301 300 300 300 301 302 301 301 301 302 303 304 305 305 304 307 307 305 307 309 310 311 315 319 322
414 401 404 425 425 424 419 423 409 410 400 400 393 393 393 382 382 384 381 378 375 371 368 365 359 354 352 354 354 352 351 349 347 343 342 342 341 339 337 336 333 331 328 328 321 319 318 317 315 311 308 307 306 306 306 306 305 305 306 305 305 305 303 302 302 302 302 302 302 302 301 300 301 302 302 302 302 303 303 304 305 305 303 307 309 308 308 310 311 314 316 319 322
430 431 407 406 426 437 433 425 422 417 408 409 404 403 395 390 391 389 385 381 378 370 366 365 360 355 356 357 357 356 354 352 348 345 345 344 342 341 340 341 340 338 333 333 331 325 321 318 315 312 310 309 308 308 308 307 308 307 307 306 307 306 304 303 303 303 303 304 303 302 302 302 301 302 303 303 304 304 303 303 304 305 305 305 309 309 310 311 312 313 316 319 322
439 440 415 405 408 425 437 435 428 424 420 419 413 409 405 401 396 392 388 380 372 368 367 363 360 359 361 361 360 360 358 355 349 348 347 346 345 344 344 344 342 338 337 337 335 330 325 318 316 313 312 311 310 310 310 310 311 309 308 307 306 307 306 305 304 303 303 304 305 302 302 302 303 304 305 304 304 303 303 303 303 306 306 305 308 309 310 311 312 315 317 320 323
446 427 427 433 415 417 434 443 441 436 431 423 416 410 406 401 396 391 383 375 373 373 372 366 363 365 365 365 364 361 359 355 351 350 350 350 350 349 347 346 345 342 341 339 336 333 333 327 317 315 314 313 313 314 313 312 312 311 310 308 308 307 306 303 309 302 304 306 305 304 303 304 304 305 306 306 305 303 303 303 304 304 306 306 308 309 308 310 313 318 320 321 324
458 449 451 429 417 429 445 451 453 446 431 418 406 401 396 391 388 384 379 379 383 380 373 368 369 369 370 369 366 363 357 354 353 354 355 356 354 350 350 350 349 347 344 341 338 334 333 333 332 323 318 318 318 318 316 315 313 312 310 310 308 305 303 307 306 303 305 306 305 304 304 305 305 305 306 306 306 305 304 304 304 306 306 307 305 307 309 313 318 318 322 324 324
438 451 437 425 425 428 452 464 465 455 443 424 413 412 405 405 401 397 386 388 389 383 374 374 374 375 373 371 369 365 362 356 355 358 360 358 356 355 354 354 351 348 346 343 341 338 339 340 339 336 331 326 324 323 322 318 315 313 313 310 307 308 311 310 306 304 304 305 304 305 305 305 306 306 305 306 306 305 305 305 304 304 306 307 305 307 308 316 318 315 318 320 325
460 455 456 439 433 438 451 467 476 457 441 426 427 423 422 418 411 401 396 396 396 385 377 378 377 378 376 372 369 366 364 359 361 362 362 361 360 359 359 356 353 352 350 347 347 348 353 355 352 347 341 338 334 332 328 322 317 314 313 311 313 313 311 309 308 306 305 306 306 305 305 306 306 306 306 306 307 306 306 306 306 305 305 306 307 307 310 313 316 319 322 326 322
455 470 471 445 451 456 463 480 478 460 443 442 433 443 433 435 419 410 411 407 403 393 383 385 380 377 375 373 371 368 362 359 362 365 366 366 364 363 361 360 359 356 355 354 358 378 375 372 367 359 352 357 343 341 337 327 320 316 315 316 315 313 311 309 309 309 307 306 307 305 306 306 306 307 307 307 307 307 306 306 307 307 307 308 306 310 312 315 318 319 324 326 328
428 440 460 459 459 472 472 488 487 467 462 454 444 450 445 456 426 429 424 411 398 391 392 394 388 379 373 370 368 365 361 361 366 369 372 372 369 366 364 365 365 361 362 365 377 507 406 392 453 372 362 380 357 351 344 336 327 318 316 316 315 313 312 312 311 310 309 308 308 306 307 307 307 307 307 307 306 307 307 307 307 307 308 309 308 312 312 313 317 322 325 326 326
395 431 484 476 477 491 492 498 507 479 481 462 456 462 451 466 437 440 425 407 405 403 403 403 397 386 379 379 372 368 365 367 374 377 375 375 373 370 371 371 369 366 371 384 436 774 438 412 399 383 374 373 367 365 361 347 338 332 321 317 315 315 315 314 313 311 310 308 309 309 307 307 307 308 307 307 307 306 307 308 308 308 309 310 310 311 314 315 318 323 325 323 323
429 461 500 500 500 512 512 512 520 502 491 485 478 485 467 468 454 446 421 422 414 413 410 402 394 387 390 386 379 376 373 376 380 382 380 379 377 375 377 379 380 379 383 417 607 657 458 431 412 394 386 383 395 396 388 373 354 343 336 327 320 317 315 316 315 313 311 310 310 309 308 309 308 308 307 308 307 306 308 308 309 309 310 311 311 311 315 317 319 323 324 321 323
435 485 531 518 523 524 516 509 505 500 489 488 486 489 498 495 468 440 431 438 423 428 419 411 402 397 399 393 389 386 379 378 384 386 385 384 385 391 388 387 407 414 402 424 710 749 486 464 428 408 399 403 536 446 428 387 368 355 344 338 333 324 319 319 316 315 314 311 310 310 309 309 309 309 307 308 307 307 307 309 309 309 310 312 312 311 316 318 320 322 323 321 324
516 545 561 556 543 534 524 514 506 495 489 485 478 484 492 491 482 460 461 451 451 450 440 429 415 410 411 404 400 391 390 385 384 390 391 395 395 410 407 397 429 435 422 461 807 747 570 560 444 420 417 442 561 563 556 404 384 365 354 345 339 335 321 319 319 317 316 314 312 311 310 310 309 307 307 308 309 308 308 309 310 310 311 313 313 313 313 315 319 320 320 321 323
569 585 595 578 565 548 532 523 511 500 491 482 477 485 482 476 464 470 495 481 483 470 465 445 438 433 431 429 410 401 404 390 398 399 395 402 403 418 416 405 412 428 451 628 895 723 656 685 457 439 443 607 682 586 513 437 431 377 362 353 345 337 332 324 322 320 319 316 314 312 311 310 308 308 308 309 310 309 309 309 310 310 311 313 314 316 317 314 318 319 320 322 325
547 594 620 634 597 567 550 535 520 505 491 480 472 465 461 454 451 469 483 483 473 464 459 458 462 460 449 441 429 420 414 398 411 423 405 404 416 428 423 420 425 444 470 663 982 815 629 519 477 457 480 745 734 612 488 448 405 381 367 358 349 342 337 332 328 323 321 319 316 314 312 310 308 308 310 310 310 311 310 310 311 311 312 313 314 317 318 318 317 319 320 323 325
466 574 596 649 614 612 581 552 528 507 495 484 476 467 462 457 450 473 463 466 462 451 447 451 458 467 476 464 451 442 431 415 403 421 416 407 416 429 438 436 449 480 530 831 986 963 727 527 481 501 566 678 748 679 501 572 419 384 372 361 352 346 341 337 335 334 324 320 318 315 314 311 310 310 310 312 311 312 311 312 312 312 313 314 316 317 318 318 318 317 317 320 325
486 531 581 630 652 685 615 569 539 522 502 487 472 456 448 448 439 456 452 457 449 439 454 474 473 478 475 483 463 441 421 416 421 430 422 415 420 436 479 465 465 499 539 866 922 1053 721 583 552 631 750 715 787 666 452 430 414 395 375 368 361 353 345 341 340 335 343 324 321 318 316 313 311 312 311 312 314 313 312 312 313 314 315 317 317 317 318 318 317 319 320 319 320
482 529 586 651 693 702 637 587 553 530 507 490 475 465 455 445 434 433 443 438 434 444 457 468 476 489 487 492 473 452 432 439 445 450 425 427 436 455 555 651 573 561 752 958 896 930 962 788 717 746 751 685 705 716 540 458 666 415 387 384 367 356 348 344 339 335 332 327 324 321 317 315 313 312 312 312 314 314 313 313 313 314 315 316 317 318 317 317 318 320 322 324 323
476 523 574 617 674 713 658 608 562 525 503 494 481 470 464 465 449 434 421 425 442 447 447 453 467 478 494 499 475 454 441 463 475 454 427 433 448 471 554 745 676 791 929 910 893 880 858 768 743 776 676 670 701 672 556 467 495 416 402 396 369 356 352 347 343 339 335 329 324 321 319 317 315 314 313 314 315 315 314 314 314 314 315 316 317 318 318 319 319 321 323 326 327
471 499 567 615 656 700 676 618 562 533 518 498 489 480 479 480 471 467 432 436 439 444 455 458 465 481 505 514 489 457 453 458 483 460 432 441 460 476 510 678 832 955 933 876 849 861 803 771 719 677 657 637 721 673 525 531 520 448 529 426 374 361 356 352 347 343 334 331 325 322 321 319 318 315 315 316 315 316 316 315 315 315 315 316 317 317 319 319 321 322 324 327 328
468 517 571 614 627 669 697 651 634 569 520 508 497 489 487 504 497 461 426 434 456 462 461 474 477 486 496 512 489 478 465 472 479 450 442 460 473 502 519 568 720 958 912 854 802 819 771 763 701 729 652 624 620 586 502 497 498 450 559 471 377 367 362 357 348 343 336 332 328 324 322 322 319 317 316 317 316 316 317 315 316 315 314 315 316 317 318 319 319 322 324 328 328
471 527 587 593 612 641 697 688 701 624 550 525 502 484 465 472 477 446 418 416 448 446 461 470 464 477 492 501 504 494 473 482 478 448 460 482 509 561 585 606 815 959 907 858 807 749 677 727 646 737 640 672 561 565 490 466 474 430 496 405 381 372 378 378 353 341 336 334 332 327 323 321 319 320 318 318 316 317 317 316 316 315 315 316 316 317 318 319 320 322 325 329 328
453 506 572 614 650 652 694 755 751 685 614 549 515 507 471 444 453 448 417 424 427 429 437 447 468 471 476 493 521 511 490 486 463 456 481 525 603 738 804 656 899 969 940 875 839 758 663 610 595 650 615 586 539 502 511 461 434 412 424 392 382 376 389 380 352 341 338 337 335 335 327 322 321 321 319 318 317 316 317 316 315 316 317 316 316 317 319 319 321 323 327 328 328
